[380kV]
R = 0.017118
XL = 0.290664
XC = 258682.1
itherm = 2153.007624


[220kV]
R = 0.047114
XL = 0.35708
XC = 319686.31
itherm = 1323.198485