[380kV]
R = 0.01866373
XL = 0.2694
XC = 227.364
itherm = 2322


[220kV]
R = 0.0543301
XL = 0.314159
XC = 289.3726
itherm = 1293.43